[pic_3.JPG]
filters=finetune2=1,0.192982,0.151579,0.000000,00000000,0.263158;sat=1,0.298246;fill=1,0.355140;tilt=1,-0.660092,0.000000;finetune2=1,0.000000,0.000000,0.000000,00000000,0.111111;unsharp2=1,1.877193;
moddate=69768fb745d9d301
width=5183
height=2441
textactive=0
